3.798920806805027861e-01
3.728568232348404843e-01
3.692499552891208014e-01
3.668999136751147083e-01
3.651908056814390791e-01
3.638655018749478720e-01
3.627935577951211799e-01
3.619002576811027327e-01
3.611390660043317102e-01
3.604791579898172782e-01
3.598991275232441556e-01
3.593835421297348343e-01
3.589209324765516018e-01
3.585025572013592066e-01
3.581216112782310557e-01
3.577727003315178678e-01
3.574514808555447343e-01
3.571544074931554125e-01
3.568785514506072065e-01
3.566214674036179977e-01
3.563810942112799474e-01
3.561556796770694033e-01
3.559437227230046186e-01
3.557439283776887562e-01
3.555551723320027335e-01
3.553764727337139773e-01
3.552069675255928871e-01
3.550458960759332316e-01
3.548925841667219805e-01
3.547464316330430911e-01
3.546069021142034816e-01
3.544735145004820343e-01
3.543458357516583446e-01
3.542234748331369865e-01
3.541060775685674344e-01
3.539933222486832398e-01
3.538849158677194739e-01
3.537805908834922297e-01
3.536801024166707497e-01
3.535832258201845879e-01
3.534897545619963832e-01
3.533994983743283247e-01
3.533122816303903013e-01
3.532279419161057921e-01
3.531463287696017805e-01
3.530673025655434172e-01
3.529907335249439781e-01
3.529165008340270360e-01
3.528444918581533640e-01
3.527746014388677964e-01
3.527067312638238472e-01
3.526407893007822425e-01
3.525766892880839443e-01
3.525143502750299751e-01
3.524536962064621637e-01
3.523946555465894415e-01
3.523371609377294322e-01
3.522811488901836929e-01
3.522265594999304805e-01
3.521733361912205429e-01
3.521214254815104860e-01
3.520707767664686960e-01
3.520213421230505846e-01
3.519730761288695220e-01
3.519259356962851082e-01
3.518798799198099014e-01
3.518348699355800524e-01
3.517908687917788435e-01
3.517478413290121009e-01
3.517057540697410833e-01
3.516645751159718780e-01
3.516242740544792134e-01
3.515848218689140992e-01
3.515461908582123707e-01
3.515083545607733950e-01
3.514712876839315991e-01
3.514349660382889429e-01
3.513993664765156510e-01
3.513644668362618795e-01
3.513302458868593492e-01
3.512966832795151872e-01
3.512637595007327973e-01
3.512314558287130684e-01
3.511997542925121563e-01
3.511686376337534998e-01
3.511380892707046120e-01
3.511080932645490038e-01
3.510786342876949240e-01
3.510496975939788600e-01
3.510212689906266892e-01
3.509933348118566832e-01
3.509658818940062930e-01
3.509388975520829068e-01
3.509123695576418234e-01
3.508862861179036785e-01
3.508606358560288352e-01
3.508354077924757952e-01
3.508105913273703025e-01
3.507861762238256853e-01
3.507621525921484906e-01
3.507385108748795055e-01
3.507152418326150434e-01
3.506923365305616991e-01
3.506697863257809411e-01
3.506475828550800755e-01
3.506257180235131110e-01
3.506041839934547211e-01
3.505829731742127198e-01
3.505620782121499079e-01
3.505414919812845365e-01
3.505212075743427969e-01
3.505012182942373600e-01
3.504815176459480930e-01
3.504620993287843045e-01
3.504429572290042039e-01
3.504240854127764204e-01
3.504054781194604895e-01
3.503871297551934827e-01
3.503690348867629090e-01
3.503511882357541740e-01
3.503335846729547232e-01
3.503162192130048203e-01
3.502990870092796971e-01
3.502821833489935810e-01
3.502655036485115558e-01
3.502490434488623183e-01
3.502327984114381176e-01
3.502167643138758835e-01
3.502009370461085513e-01
3.501853126065785915e-01
3.501698870986068579e-01
3.501546567269088195e-01
3.501396177942505683e-01
3.501247666982382212e-01
3.501100999282356629e-01
3.500956140624029156e-01
3.500813057648506366e-01
3.500671717829050844e-01
3.500532089444784445e-01
3.500394141555396854e-01
3.500257843976820604e-01
3.500123167257826462e-01
3.499990082657479240e-01
3.499858562123458472e-01
3.499728578271166235e-01
3.499600104363598252e-01
3.499473114291968279e-01
3.499347582557012504e-01
3.499223484250989502e-01
3.499100795040304690e-01
3.498979491148768717e-01
3.498859549341435948e-01
3.498740946909016380e-01
3.498623661652830452e-01
3.498507671870284552e-01
3.498392956340848348e-01
3.498279494312505622e-01
3.498167265488679734e-01
3.498056250015585400e-01
3.497946428470017355e-01
3.497837781847542016e-01
3.497730291551080506e-01
3.497623939379869706e-01
3.497518707518791903e-01
3.497414578528033613e-01
3.497311535333105792e-01
3.497209561215159357e-01
3.497108639801640995e-01
3.497008755057208207e-01
3.496909891274973536e-01
3.496812033067993042e-01
3.496715165361034550e-01
3.496619273382607362e-01
3.496524342657222340e-01
3.496430358997909549e-01
3.496337308498949636e-01
3.496245177528836678e-01
3.496153952723448644e-01
3.496063620979424358e-01
3.495974169447741420e-01
3.495885585527486183e-01
3.495797856859804154e-01
3.495710971322029126e-01
3.495624917021988853e-01
3.495539682292475026e-01
3.495455255685873119e-01
3.495371625968943796e-01
3.495288782117763615e-01
3.495206713312800084e-01
3.495125408934132705e-01
3.495044858556805578e-01
3.494965051946321011e-01
3.494885979054243585e-01
3.494807630013931909e-01
3.494729995136399703e-01
3.494653064906277917e-01
3.494576829977892873e-01
3.494501281171452645e-01
3.494426409469331141e-01
3.494352206012464879e-01
3.494278662096830801e-01
3.494205769170030118e-01
3.494133518827962082e-01
3.494061902811580467e-01
3.493990913003740539e-01
3.493920541426128179e-01
3.493850780236264497e-01
3.493781621724598163e-01
3.493713058311664343e-01
3.493645082545319691e-01
3.493577687098052831e-01
3.493510864764349799e-01
3.493444608458152190e-01
3.493378911210346938e-01
3.493313766166346590e-01
3.493249166583720644e-01
3.493185105829874626e-01
3.493121577379814657e-01
3.493058574813934225e-01
3.492996091815880888e-01
3.492934122170467948e-01
3.492872659761626641e-01
3.492811698570426060e-01
3.492751232673129702e-01
3.492691256239297548e-01
3.492631763529940869e-01
3.492572748895720891e-01
3.492514206775177987e-01
3.492456131693025823e-01
3.492398518258458817e-01
3.492341361163521785e-01
3.492284655181507880e-01
3.492228395165388743e-01
3.492172576046295718e-01
3.492117192832021044e-01
3.492062240605567358e-01
3.492007714523717166e-01
3.491953609815641735e-01
3.491899921781547733e-01
3.491846645791343295e-01
3.491793777283334621e-01
3.491741311762966982e-01
3.491689244801577940e-01
3.491637572035178883e-01
3.491586289163277068e-01
3.491535391947708233e-01
3.491484876211510269e-01
3.491434737837801894e-01
3.491384972768709072e-01
3.491335577004294199e-01
3.491286546601521379e-01
3.491237877673239454e-01
3.491189566387188914e-01
3.491141608965025456e-01
3.491094001681371295e-01
3.491046740862883691e-01
3.490999822887334014e-01
3.490953244182729565e-01
3.490907001226428719e-01
3.490861090544288281e-01
3.490815508709823600e-01
3.490770252343394220e-01
3.490725318111393416e-01
3.490680702725466045e-01
3.490636402941738048e-01
3.490592415560057615e-01
3.490548737423260772e-01
3.490505365416446404e-01
3.490462296466262382e-01
3.490419527540216116e-01
3.490377055645991766e-01
3.490334877830780225e-01
3.490292991180629634e-01
3.490251392819801457e-01
3.490210079910141538e-01
3.490169049650467814e-01
3.490128299275963575e-01
3.490087826057587383e-01
3.490047627301491318e-01
3.490007700348456421e-01
3.489968042573327045e-01
3.489928651384474056e-01
3.489889524223250827e-01
3.489850658563469765e-01
3.489812051910889945e-01
3.489773701802700301e-01
3.489735605807041119e-01
3.489697761522501107e-01
3.489660166577644995e-01
3.489622818630550016e-01
3.489585715368335728e-01
3.489548854506726583e-01
3.489512233789596185e-01
3.489475850988538741e-01
3.489439703902446621e-01
3.489403790357080704e-01
3.489368108204675134e-01
3.489332655323517107e-01
3.489297429617564950e-01
3.489262429016053435e-01
3.489227651473111869e-01
3.489193094967392716e-01
3.489158757501699681e-01
3.489124637102630766e-01
3.489090731820223557e-01
3.489057039727600507e-01
3.489023558920637536e-01
3.488990287517619304e-01
3.488957223658911699e-01
3.488924365506642644e-01
3.488891711244375138e-01
3.488859259076802499e-01
3.488827007229435284e-01
3.488794953948303745e-01
3.488763097499659183e-01
3.488731436169680289e-01
3.488699968264193374e-01
3.488668692108382596e-01
3.488637606046521289e-01
3.488606708441694959e-01
3.488575997675534279e-01
3.488545472147958071e-01
3.488515130276904630e-01
3.488484970498090809e-01
3.488454991264751115e-01
3.488425191047402896e-01
3.488395568333595986e-01
3.488366121627679006e-01
3.488336849450571764e-01
3.488307750339525448e-01
3.488278822847906135e-01
3.488250065544972189e-01
3.488221477015650551e-01
3.488193055860328018e-01
3.488164800694638079e-01
3.488136710149252195e-01
3.488108782869681623e-01
3.488081017516070914e-01
3.488053412762999184e-01
3.488025967299295815e-01
3.487998679827836179e-01
3.487971549065363996e-01
3.487944573742301491e-01
3.487917752602570087e-01
3.487891084403403341e-01
3.487864567915192060e-01
3.487838201921277803e-01
3.487811985217815214e-01
3.487785916613579951e-01
3.487759994929818252e-01
3.487734219000077074e-01
3.487708587670045879e-01
3.487683099797400099e-01
3.487657754251640707e-01
3.487632549913948776e-01
3.487607485677034491e-01
3.487582560444980051e-01
3.487557773133105887e-01
3.487533122667816898e-01
3.487508607986470333e-01
3.487484228037227574e-01
3.487459981778925355e-01
3.487435868180934762e-01
3.487411886223032997e-01
3.487388034895266276e-01
3.487364313197828247e-01
3.487340720140930106e-01
3.487317254744670691e-01
3.487293916038920472e-01
3.487270703063200528e-01
3.487247614866552103e-01
3.487224650507435575e-01
3.487201809053599444e-01
3.487179089581975977e-01
3.487156491178559636e-01
3.487134012938307159e-01
3.487111653965020430e-01
3.487089413371239899e-01
3.487067290278138554e-01
3.487045283815423113e-01
3.487023393121220782e-01
3.487001617341985438e-01
3.486979955632392714e-01
3.486958407155248407e-01
3.486936971081383008e-01
3.486915646589559548e-01
3.486894432866382010e-01
3.486873329106194297e-01
3.486852334510998075e-01
3.486831448290357294e-01
3.486810669661307704e-01
3.486789997848268041e-01
3.486769432082962861e-01
3.486748971604327618e-01
3.486728615658422625e-01
3.486708363498360330e-01
3.486688214384213724e-01
3.486668167582940847e-01
3.486648222368303185e-01
3.486628378020788510e-01
3.486608633827529835e-01
3.486588989082236023e-01
3.486569443085107411e-01
3.486549995142770864e-01
3.486530644568198167e-01
3.486511390680638867e-01
3.486492232805549207e-01
3.486473170274517752e-01
3.486454202425199878e-01
3.486435328601247274e-01
3.486416548152241890e-01
3.486397860433627649e-01
3.486379264806649392e-01
3.486360760638280154e-01
3.486342347301161770e-01
3.486324024173544922e-01
3.486305790639221414e-01
3.486287646087465886e-01
3.486269589912973088e-01
3.486251621515800703e-01
3.486233740301307171e-01
3.486215945680098960e-01
3.486198237067965611e-01
3.486180613885828672e-01
3.486163075559684521e-01
3.486145621520547189e-01
3.486128251204395623e-01
3.486110964052120953e-01
3.486093759509470424e-01
3.486076637026997993e-01
3.486059596060012145e-01
3.486042636068519274e-01
3.486025756517183161e-01
3.486008956875268350e-01
3.485992236616591855e-01
3.485975595219474865e-01
3.485959032166700000e-01
3.485942546945453024e-01
3.485926139047288985e-01
3.485909807968075036e-01
3.485893553207954354e-01
3.485877374271292850e-01
3.485861270666641420e-01
3.485845241906689318e-01
3.485829287508218077e-01
3.485813406992066543e-01
3.485797599883080911e-01
3.485781865710076421e-01
3.485766204005797397e-01
3.485750614306874495e-01
3.485735096153785295e-01
3.485719649090815997e-01
3.485704272666018122e-01
3.485688966431176317e-01
3.485673729941767829e-01
3.485658562756916989e-01
3.485643464439371342e-01
3.485628434555456123e-01
3.485613472675039848e-01
3.485598578371497669e-01
3.485583751221681403e-01
3.485568990805874012e-01
3.485554296707765176e-01
3.485539668514410772e-01
3.485525105816201230e-01
3.485510608206832672e-01
3.485496175283263054e-01
3.485481806645689962e-01
3.485467501897512865e-01
3.485453260645304252e-01
3.485439082498777985e-01
3.485424967070754332e-01
3.485410913977132208e-01
3.485396922836861977e-01
3.485382993271911034e-01
3.485369124907234384e-01
3.485355317370746331e-01
3.485341570293293834e-01
3.485327883308622643e-01
3.485314256053356763e-01
3.485300688166961258e-01
3.485287179291723381e-01
3.485273729072719817e-01
3.485260337157788380e-01
3.485247003197509130e-01
3.485233726845169966e-01
3.485220507756746633e-01
3.485207345590871086e-01
3.485194240008809841e-01
3.485181190674440654e-01
3.485168197254220335e-01
3.485155259417169193e-01
3.485142376834841071e-01
3.485129549181300579e-01
3.485116776133099781e-01
3.485104057369254327e-01
3.485091392571220692e-01
3.485078781422873417e-01
3.485066223610477909e-01
3.485053718822680446e-01
