4.213355195406022768e-01
4.098571597467474681e-01
4.039172750428141057e-01
4.000039939960967073e-01
3.971271995892093898e-01
3.948730634997624223e-01
3.930310527509967011e-01
3.914802842024148188e-01
3.901453445866930325e-01
3.889762338957530319e-01
3.879382136005739001e-01
3.870062339830273590e-01
3.861616757446542092e-01
3.853903457067661686e-01
3.846811914040079716e-01
3.840254473610026920e-01
3.834160509140631112e-01
3.828472320501485893e-01
3.823142188823626664e-01
3.818130219329459174e-01
3.813402733353104535e-01
3.808931050746285352e-01
3.804690554761374632e-01
3.800659964631574184e-01
3.796820763098236462e-01
3.793156741071036508e-01
3.789653631912537901e-01
3.786298815064715884e-01
3.783081073876798928e-01
3.779990396202394520e-01
3.777017809042392260e-01
3.774155240511373188e-01
3.771395403899901466e-01
3.768731699732574825e-01
3.766158132580365026e-01
3.763669240045345310e-01
3.761260031846818674e-01
3.758925937336635159e-01
3.756662760085092145e-01
3.754466638427025882e-01
3.752334011055593055e-01
3.750261586909823253e-01
3.748246318729995252e-01
3.746285379758607648e-01
3.744376143149330538e-01
3.742516163715611244e-01
3.740703161707674695e-01
3.738935008353855283e-01
3.737209712941352846e-01
3.735525411244291494e-01
3.733880355134218121e-01
3.732272903231301786e-01
3.730701512473850179e-01
3.729164730500217351e-01
3.727661188751154597e-01
3.726189596212541866e-01
3.724748733728619476e-01
3.723337448824567963e-01
3.721954650984785062e-01
3.720599307339695350e-01
3.719270438719464722e-01
3.717967116037945718e-01
3.716688456974263088e-01
3.715433622923251522e-01
3.714201816189059979e-01
3.712992277399105312e-01
3.711804283117972614e-01
3.710637143643079061e-01
3.709490200965762097e-01
3.708362826883163654e-01
3.707254421247773712e-01
3.706164410342795978e-01
3.705092245372669235e-01
3.704037401059122048e-01
3.702999374334065563e-01
3.701977683121434048e-01
3.700971865200837208e-01
3.699981477146554454e-01
3.699006093335953649e-01
3.698045305022000240e-01
3.697098719464941841e-01
3.696165959118741240e-01
3.695246660868153898e-01
3.694340475312749561e-01
3.693447066094462938e-01
3.692566109265544294e-01
3.691697292694038901e-01
3.690840315504195224e-01
3.689994887549329916e-01
3.689160728914963050e-01
3.688337569450168552e-01
3.687525148325217494e-01
3.686723213613815608e-01
3.685931521898277996e-01
3.685149837896181113e-01
3.684377934107110897e-01
3.683615590478198087e-01
3.682862594087304986e-01
3.682118738842731220e-01
3.681383825198427662e-01
3.680657659883783128e-01
3.679940055647085706e-01
3.679230831011855996e-01
3.678529810045272352e-01
3.677836822138000339e-01
3.677151701794742489e-01
3.676474288434901094e-01
3.675804426202778918e-01
3.675141963786769939e-01
3.674486754247039411e-01
3.673838654851229180e-01
3.673197526917741929e-01
3.672563235666181369e-01
3.671935650074581448e-01
3.671314642743035428e-01
3.670700089763414553e-01
3.670091870594830441e-01
3.669489867944548678e-01
3.668893967654081045e-01
3.668304058590177719e-01
3.667720032540475739e-01
3.667141784113563396e-01
3.666569210643253474e-01
3.666002212096834412e-01
3.665440690987123440e-01
3.664884552288121267e-01
3.664333703354102911e-01
3.663788053841978698e-01
3.663247515636753326e-01
3.662712002779965337e-01
3.662181431400939324e-01
3.661655719650736551e-01
3.661134787638666843e-01
3.660618557371255188e-01
3.660106952693545357e-01
3.659599899232632292e-01
3.659097324343325575e-01
3.658599157055853479e-01
3.658105328025505476e-01
3.657615769484143797e-01
3.657130415193483586e-01
3.656649200400082789e-01
3.656172061791954642e-01
3.655698937456739461e-01
3.655229766841371353e-01
3.654764490713171554e-01
3.654303051122310686e-01
3.653845391365584394e-01
3.653391455951442990e-01
3.652941190566234564e-01
3.652494542041597181e-01
3.652051458322965183e-01
3.651611888439136311e-01
3.651175782472871334e-01
3.650743091532459572e-01
3.650313767724242542e-01
3.649887764126034662e-01
3.649465034761416038e-01
3.649045534574863470e-01
3.648629219407687474e-01
3.648216045974737032e-01
3.647805971841850958e-01
3.647398955404034804e-01
3.646994955864306664e-01
3.646593933213230221e-01
3.646195848209061174e-01
3.645800662358533728e-01
3.645408337898219941e-01
3.645018837776470844e-01
3.644632125635904329e-01
3.644248165796420968e-01
3.643866923238735511e-01
3.643488363588396894e-01
3.643112453100292858e-01
3.642739158643594211e-01
3.642368447687164279e-01
3.642000288285385801e-01
3.641634649064388607e-01
3.641271499208698081e-01
3.640910808448253322e-01
3.640552547045793896e-01
3.640196685784621855e-01
3.639843195956689037e-01
3.639492049351040759e-01
3.639143218242563704e-01
3.638796675381061885e-01
3.638452393980629029e-01
3.638110347709311854e-01
3.637770510679061986e-01
3.637432857435959899e-01
3.637097362950697521e-01
3.636764002609330082e-01
3.636432752204265539e-01
3.636103587925499925e-01
3.635776486352087500e-01
3.635451424443825186e-01
3.635128379533172360e-01
3.634807329317368829e-01
3.634488251850763740e-01
3.634171125537342673e-01
3.633855929123446238e-01
3.633542641690677977e-01
3.633231242648989334e-01
3.632921711729944492e-01
3.632614028980152843e-01
3.632308174754864671e-01
3.632004129711737805e-01
3.631701874804744157e-01
3.631401391278235025e-01
3.631102660661157944e-01
3.630805664761408424e-01
3.630510385660319361e-01
3.630216805707288663e-01
3.629924907514538446e-01
3.629634673951991908e-01
3.629346088142282878e-01
3.629059133455879715e-01
3.628773793506325229e-01
3.628490052145590394e-01
3.628207893459537425e-01
3.627927301763486656e-01
3.627648261597895551e-01
3.627370757724125427e-01
3.627094775120315306e-01
3.626820298977349588e-01
3.626547314694913426e-01
3.626275807877644142e-01
3.626005764331368120e-01
3.625737170059421532e-01
3.625470011259053216e-01
3.625204274317916919e-01
3.624939945810623509e-01
3.624677012495393091e-01
3.624415461310762088e-01
3.624155279372374139e-01
3.623896453969835951e-01
3.623638972563645311e-01
3.623382822782187929e-01
3.623127992418785914e-01
3.622874469428834510e-01
3.622622241926974906e-01
3.622371298184342003e-01
3.622121626625872115e-01
3.621873215827658421e-01
3.621626054514369697e-01
3.621380131556723447e-01
3.621135435969006222e-01
3.620891956906651665e-01
3.620649683663869633e-01
3.620408605671316393e-01
3.620168712493820884e-01
3.619929993828160941e-01
3.619692439500866721e-01
3.619456039466094621e-01
3.619220783803523411e-01
3.618986662716309199e-01
3.618753666529062607e-01
3.618521785685885894e-01
3.618291010748441172e-01
3.618061332394051366e-01
3.617832741413850028e-01
3.617605228710962795e-01
3.617378785298717148e-01
3.617153402298903253e-01
3.616929070940058666e-01
3.616705782555779680e-01
3.616483528583086526e-01
3.616262300560794674e-01
3.616042090127944419e-01
3.615822889022231035e-01
3.615604689078494305e-01
3.615387482227213067e-01
3.615171260493044159e-01
3.614956015993381899e-01
3.614741740936944780e-01
3.614528427622391016e-01
3.614316068436957963e-01
3.614104655855132076e-01
3.613894182437333846e-01
3.613684640828635497e-01
3.613476023757498101e-01
3.613268324034537016e-01
3.613061534551304521e-01
3.612855648279094667e-01
3.612650658267774206e-01
3.612446557644629630e-01
3.612243339613241955e-01
3.612040997452373725e-01
3.611839524514881550e-01
3.611638914226646957e-01
3.611439160085520017e-01
3.611240255660301268e-01
3.611042194589708099e-01
3.610844970581396085e-01
3.610648577410974225e-01
3.610453008921042928e-01
3.610258259020246996e-01
3.610064321682355248e-01
3.609871190945343478e-01
3.609678860910498499e-01
3.609487325741539965e-01
3.609296579663750504e-01
3.609106616963130287e-01
3.608917431985559920e-01
3.608729019135973326e-01
3.608541372877555053e-01
3.608354487730943694e-01
3.608168358273454168e-01
3.607982979138303348e-01
3.607798345013861763e-01
3.607614450642906423e-01
3.607431290821894176e-01
3.607248860400240620e-01
3.607067154279618437e-01
3.606886167413256850e-01
3.606705894805263268e-01
3.606526331509950500e-01
3.606347472631173390e-01
3.606169313321683223e-01
3.605991848782483244e-01
3.605815074262200826e-01
3.605638985056471291e-01
3.605463576507323964e-01
3.605288844002587645e-01
3.605114782975296084e-01
3.604941388903109556e-01
3.604768657307745316e-01
3.604596583754411943e-01
3.604425163851258662e-01
3.604254393248826904e-01
3.604084267639522388e-01
3.603914782757074997e-01
3.603745934376030857e-01
3.603577718311233302e-01
3.603410130417323831e-01
3.603243166588244728e-01
3.603076822756748343e-01
3.602911094893919142e-01
3.602745979008701860e-01
3.602581471147433545e-01
3.602417567393382813e-01
3.602254263866300765e-01
3.602091556721973009e-01
3.601929442151786120e-01
3.601767916382287438e-01
3.601606975674770394e-01
3.601446616324844308e-01
3.601286834662030811e-01
3.601127627049352520e-01
3.600968989882931126e-01
3.600810919591596049e-01
3.600653412636496409e-01
3.600496465510713007e-01
3.600340074738882512e-01
3.600184236876829980e-01
3.600028948511194704e-01
3.599874206259075504e-01
3.599720006767670455e-01
3.599566346713927723e-01
3.599413222804200840e-01
3.599260631773904540e-01
3.599108570387181683e-01
3.598957035436567975e-01
3.598806023742672222e-01
3.598655532153849923e-01
3.598505557545885747e-01
3.598356096821681560e-01
3.598207146910949450e-01
3.598058704769905303e-01
3.597910767380970154e-01
3.597763331752475979e-01
3.597616394918369820e-01
3.597469953937932341e-01
3.597324005895490284e-01
3.597178547900138357e-01
3.597033577085461675e-01
3.596889090609268202e-01
3.596745085653314522e-01
3.596601559423048267e-01
3.596458509147340554e-01
3.596315932078232303e-01
3.596173825490682763e-01
3.596032186682314169e-01
3.595891012973165823e-01
3.595750301705453178e-01
3.595610050243325806e-01
3.595470255972626483e-01
3.595330916300669699e-01
3.595192028655991856e-01
3.595053590488140327e-01
3.594915599267435868e-01
3.594778052484765007e-01
3.594640947651345231e-01
3.594504282298521258e-01
3.594368053977546884e-01
3.594232260259371814e-01
3.594096898734440715e-01
3.593961967012482828e-01
3.593827462722314903e-01
3.593693383511634698e-01
3.593559727046828911e-01
3.593426491012776114e-01
3.593293673112660236e-01
3.593161271067772389e-01
3.593029282617330455e-01
3.592897705518289242e-01
3.592766537545165617e-01
3.592635776489850330e-01
3.592505420161432594e-01
3.592375466386028560e-01
3.592245913006605340e-01
3.592116757882807265e-01
3.591987998890790457e-01
3.591859633923054629e-01
3.591731660888277666e-01
3.591604077711155751e-01
3.591476882332239051e-01
3.591350072707772401e-01
3.591223646809547643e-01
3.591097602624734875e-01
3.590971938155738674e-01
3.590846651420046554e-01
3.590721740450077970e-01
3.590597203293036110e-01
3.590473038010762452e-01
3.590349242679597430e-01
3.590225815390233333e-01
3.590102754247574413e-01
3.589980057370600330e-01
3.589857722892229597e-01
3.589735748959180794e-01
3.589614133731845458e-01
3.589492875384145965e-01
3.589371972103416186e-01
3.589251422090262156e-01
3.589131223558447159e-01
3.589011374734750182e-01
3.588891873858853221e-01
3.588772719183216942e-01
3.588653908972954665e-01
3.588535441505715240e-01
3.588417315071565361e-01
3.588299527972867997e-01
3.588182078524173035e-01
3.588064965052095712e-01
3.587948185895210029e-01
3.587831739403931630e-01
3.587715623940410103e-01
3.587599837878416853e-01
3.587484379603243512e-01
3.587369247511585368e-01
3.587254440011445333e-01
3.587139955522022361e-01
3.587025792473613195e-01
3.586911949307506342e-01
3.586798424475884928e-01
3.586685216441725665e-01
3.586572323678696717e-01
3.586459744671066097e-01
3.586347477913601756e-01
3.586235521911480539e-01
3.586123875180182718e-01
3.586012536245414273e-01
3.585901503643002530e-01
3.585790775918814011e-01
3.585680351628655060e-01
3.585570229338193027e-01
3.585460407622857448e-01
3.585350885067760673e-01
3.585241660267612929e-01
3.585132731826628505e-01
3.585024098358448597e-01
3.584915758486056370e-01
3.584807710841694250e-01
3.584699954066781769e-01
3.584592486811835621e-01
3.584485307736387516e-01
3.584378415508911453e-01
3.584271808806738235e-01
3.584165486315984417e-01
3.584059446731469589e-01
3.583953688756649214e-01
3.583848211103528580e-01
3.583743012492602853e-01
3.583638091652771585e-01
3.583533447321270438e-01
3.583429078243604571e-01
3.583324983173469258e-01
3.583221160872688271e-01
3.583117610111133944e-01
3.583014329666673325e-01
3.582911318325083805e-01
3.582808574880001484e-01
3.582706098132840133e-01
3.582603886892738454e-01
3.582501939976484584e-01
3.582400256208458367e-01
3.582298834420566958e-01
3.582197673452174880e-01
3.582096772150054620e-01
